G=[[1,0,0,0,1,1,0];[0,1,0,0,1,0,1];[0,0,1,0,0,1,1];[0,0,0,1,1,1,1]];
S=[[1,0,0,1];[1,1,0,1];[0,1,0,1];[1,1,1,0]];
P=[[0,0,1,0,0,0,0];[1,0,0,0,0,0,0];[0,0,0,0,1,0,0];[0,0,0,0,0,1,0];[0,0,0,0,0,0,1];[0,1,0,0,0,0,0];[0,0,0,1,0,0,0]];
tmp=S*G
tmp*P
G1=[[0,0,1,1,0,1,0];[1,0,1,0,0,1,1];[1,1,0,0,0,1,0];[1,0,1,0,0,1,0]];
e=[0,1,0,0,0,0,0];
x=[0,1,0,1];
y=x*G1+e
y1=y/P
H=[[1,1,0,1,1,0,0];[1,0,1,1,0,1,0];[0,1,1,1,0,0,1]];
